11111111111110010011100100101100
11111111111110000010000101101000
00000000000000010111100111100100
11111111111110000000101000011100
11111111111110110110100101100100
00000000000000011101010001011100
11111111111111111010100001110100
11111111111111000110111111111100
11111111111101111000001010001000
11111111111101110110101111011100
00000000000000010001101111010000
11111111111101110101101001011000
11111111111101111000001110010100
11111111111111010010110011101100
11111111111110010110010110001000
00000000000000010100110000100000
11111111111111011111000001011000
11111111111110000000001011011100
11111111111110010111111001011000
11111111111101110111110001110000
11111111111110110010000110010000
00000000000000101001001001001100
11111111111110001100111101111000
11111111111101111100101011000100
11111111111110101101101011101100
11111111111110011110100000111000
11111111111110100001010100011000
11111111111111100100101100010100
11111111111110110010001001100000
00000000000000001111001000011100
11111111111110101000011100001000
00000000000000101001111000110100
11111111111111111010110101001100
00000000000000100111001000101000
00000000000000011101010110011100
11111111111110010001111001011000
11111111111110101010100101111100
11111111111111110011000111100000
11111111111101111001100011101100
00000000000000101001011000110000
11111111111111011011110000101100
11111111111111100110101111011100
11111111111110011101000001010100
11111111111110010111010100100100
00000000000000001100000111101100
11111111111111010001111101110000
11111111111111011010011100101000
11111111111110110011111010001000
11111111111110100111110011010100
11111111111110011111000110011100
11111111111111111011000000001100
11111111111110101101011111110100
11111111111110110010001110001000
00000000000000010000110001110100
00000000000000011001001001110000
11111111111111010000010100001000
11111111111101110111101110101100
11111111111111101110101001010100
11111111111110111111101000010000
00000000000000000101000001110100
11111111111110011111110000011100
11111111111111111111000001011000
11111111111111001110110110110100
11111111111110101001110001110000
11111111111110000100111100100100
11111111111101110111110100010000
11111111111111000110111011110100
00000000000000010101011000100100
00000000000000010011010101100000
11111111111111111110100011110000
11111111111110001110100101010000
11111111111111111111001011011000
11111111111110010011101010000100
00000000000000000001001111100100
11111111111101111101100101001100
11111111111111101100110011011000
00000000000000001010010000010000
11111111111111111111110010101100
11111111111110111001101110000100
11111111111111010101001000010000
11111111111111101100011110110100
11111111111110010000011110110000
11111111111110111111101000010000
11111111111111000110011101000000
11111111111101111111111001100000
11111111111111111001000111101000
11111111111110011110100111100000
11111111111110011111010010001100
11111111111111100110111101000100
11111111111111000010111110101000
00000000000000100001011011111000
00000000000000100101101001000100
11111111111111001010000101100100
11111111111110011010011001100100
11111111111101111100101010111000
00000000000000010111000011101100
11111111111111000010110010010100
11111111111111010101111000001000
00000000000000101101101101110000
11111111111111101111010001011100
